N,  M,  L,  u_avg,  time_avg,  timestep_avg 
2, 4,   1,    1.435753213901379,     0.28885817527770996,       17.0 
2, 8,   1,    2.954471542547468,     0.24687299728393555,       16.0 
2, 16,   1,    3.8549292919468092,     0.38318939208984376,       22.0 
2, 32,   1,    8.095784316190118,     0.28255157470703124,       18.0 
4, 4,   2,    0.5805594219941939,     2.80169095993042,       279.0 
4, 8,   2,    0.7522247331933931,     4.6252968311309814,       367.0 
4, 12,   2,    1.2567259833421491,     6.191179370880127,       515.0 
4, 16,   2,    1.2132027611348994,     4.9548389434814455,       475.0 
4, 32,   2,    2.4214860290792863,     17.206894826889037,       1359.0 
6, 4,   2,    0.4484021001455618,     5.7197192192077635,       424.0 
6, 4,   4,    0.23839987715336863,     13.05153546333313,       1346.0 
6, 8,   2,    0.7413510845121768,     12.936989498138427,       839.0 
6, 8,   4,    0.42872823261928356,     50.81419711112976,       5404.0 
6, 12,   2,    0.7980789712402616,     21.62085018157959,       1166.0 
6, 12,   4,    0.4188928043472595,     126.7689576625824,       11897.0 
6, 16,   2,    1.1451725871545786,     29.14323287010193,       1648.0 
6, 16,   4,    0.6460985598172745,     361.2105859279633,       32404.0 
6, 32,   2,    1.9419942043445744,     46.701117753982544,       2548.0 
6, 32,   4,    1.2441257412052138,     517.2824249744415,       35000.0 
8, 12, 6, 0.400901182759, 676.4372868061066, 35000.0 
N,  M,  L,  u_avg,  time_avg,  timestep_avg 
6, 16, 4, 0.5301260728301497, 345.46933404604596, 18122.0 
6, 32, 4, 0, 0, 0 
8, 12, 6, 0, 0, 0 
N,  M,  L,  u_avg,  time_avg,  timestep_avg 
6, 16, 4, 0, 0, 0, 0
6, 32, 4, 0, 0, 0, 0
8, 12, 6, 0, 0, 0, 0
N,  M,  L,  u_avg,  time_avg,  timestep_avg 
6, 12, 4, 0.46787774526476633, 153.83369088172913, 2865.0, 1.0
N,  M,  L,  u_avg,  time_avg,  timestep_avg 
6, 32, 4, 1.1358192105976752, 1333.2455787658691, 15000.0, 1.0
8, 12, 6, 0.2724939542500902, 956.3603553771973, 14637.0, 1.0
